  -0.000071
  -0.000022
   0.000012
  17.646974
  18.485762
  19.220520
  25.197975
  25.285606
  27.472241
  27.614325
  28.349088
  30.304109
  32.534648
  39.036458
  40.582278
  41.323604
  41.847879
  42.127478
  43.911195
  45.135289
  47.677046
  48.095019
  49.917674
  50.877163
  55.558662
  56.778541
  58.092029
  58.524559
  59.013739
  59.578974
  62.959342
  64.394201
  65.743769
  69.996406
  71.760201
  71.805294
  72.425087
  72.655242
  72.892776
  73.343579
  74.401146
  77.277321
  77.451570
  78.147176
  79.131026
  80.263011
  80.723625
  81.086331
  81.701192
  83.631319
  84.015400
  87.456323
  87.561868
  90.626760
  91.807503
  95.553810
  98.172149
  99.284808
 101.284255
 101.757319
 102.529996
 103.253969
 103.533316
 104.325090
 108.071927
 108.838668
 108.990196
 112.398126
 113.144360
 114.347405
 117.358541
 117.992325
 122.328498
 123.278704
 125.453196
 126.486639
 139.516324
 140.976730
 141.011774
 142.055078
 150.868542
 151.147531
 155.481429
 156.251095
 171.519889
 172.498989
 172.886848
 173.662914
 175.680006
 175.909349
 177.653993
 178.157036
 178.981241
 180.131511
 180.938598
 181.938219
 183.680843
 184.541314
 185.970272
 186.531919
 188.672433
 190.775562
 190.788385
 192.242575
 217.140725
 217.382496
 217.804875
 217.992003
 218.442609
 218.723839
 219.363481
 219.492127
 297.052228
 297.754690
 300.497261
 301.816411
 302.304295
 302.344738
 302.997267
 303.158546
 303.652995
 304.650356
 304.793429
 304.898110
 304.942492
 305.080379
 305.421352
 305.964522
 322.313421
 322.893178
 323.124544
 323.173976
 323.230001
 323.277642
 323.900116
 324.255757
 370.855338
 371.777461
 372.159981
 372.429928
 372.865177
 373.363118
 373.420127
 373.554144
 401.593676
 403.003271
 403.270199
 403.547110
 403.873254
 404.932294
 405.621927
 406.124833
 417.815616
 417.865505
 418.707458
 419.377783
 419.678441
 420.318387
 420.476594
 424.066536
 457.244163
 457.637949
 458.159863
 458.853787
 459.175640
 459.207698
 460.175951
 461.822794
 499.622590
 500.789496
 502.008264
 502.253341
 505.075340
 505.477157
 505.798615
 506.412629
 529.247678
 529.414559
 532.487484
 533.469561
 533.914565
 534.156455
 534.989687
 535.637746
 540.395322
 542.770669
 545.758878
 545.933486
 545.938922
 546.882061
 547.388487
 547.794286
 549.363762
 549.846108
 550.137827
 550.463975
 552.760496
 553.398525
 553.715500
 554.550650
 555.586790
 556.138774
 556.623726
 558.968294
 559.498127
 561.159971
 561.259520
 561.932505
 565.346471
 565.719255
 568.669678
 568.753047
 569.773568
 572.717352
 573.169384
 574.329195
 574.466605
 575.383292
 575.961244
 577.470969
 577.516089
 577.522321
 577.677400
 578.002628
 579.767775
 581.513359
 581.908953
 582.164331
 582.366340
 582.711137
 583.946048
 586.410663
 613.001542
 613.928874
 614.204191
 615.378251
 615.967845
 616.905931
 617.013497
 617.738788
 785.682794
 788.526360
 788.973420
 789.314010
 789.450086
 789.450528
 789.458960
 790.009876
 821.589704
 822.453949
 822.607324
 822.787717
 826.355879
 826.683782
 827.097524
 828.201697
 838.343646
 838.436859
 838.835081
 838.856320
 839.263559
 840.232263
 840.371831
 841.286026
 859.655104
 859.778383
 859.907488
 861.433327
 862.574422
 863.071956
 863.248474
 863.948876
 880.887217
 882.041417
 882.752745
 882.931437
 883.206311
 884.670864
 884.849973
 887.139393
 912.629758
 915.277468
 918.946496
 919.103094
 919.216679
 920.843131
 921.622296
 921.842336
1121.266070
1121.411521
1121.527857
1121.579498
1121.631906
1121.905111
1122.221926
1122.287194
1138.525842
1138.696772
1138.763189
1139.317340
1140.409661
1140.909012
1140.910854
1141.014061
1154.848208
1155.036658
1155.336156
1155.915878
1156.090630
1156.309713
1156.395296
1158.145511
1190.822146
1190.873894
1190.884772
1191.183884
1191.488217
1191.569008
1191.616092
1191.900636
1223.065412
1223.860604
1225.176088
1225.342748
1225.592331
1225.653346
1226.731360
1227.993744
1236.677467
1237.288321
1238.270820
1238.946871
1241.931793
1242.556836
1242.932885
1244.506266
1297.623256
1298.304172
1298.737453
1299.132926
1299.149622
1299.171980
1299.818712
1299.987723
1303.166265
1303.240592
1303.343745
1303.435144
1303.608339
1303.814575
1304.648873
1304.796542
1330.008625
1330.060368
1330.106743
1330.107757
1330.602129
1330.954808
1330.999285
1331.205080
1475.148717
1475.786177
1475.845360
1476.040484
1476.195491
1477.442931
1479.003835
1480.780992
1482.211982
1485.955736
1486.721051
1486.748653
1487.211577
1489.262316
1491.765103
1492.858915
1497.993116
1499.161145
1500.973529
1503.142871
1504.481707
1504.636570
1504.815071
1507.613060
1511.458016
1511.576030
1512.869835
1512.935920
1515.009137
1515.150665
1515.449756
1515.577751
1534.981141
1535.171174
1535.292378
1535.483870
1535.843433
1537.098464
1537.733096
1538.487101
1539.484036
1543.085110
1543.910159
1545.017297
1546.501404
1546.860951
1547.720189
1548.876756
1736.008485
1736.779443
1737.280728
1737.892201
1738.212992
1739.135108
1739.376201
1739.416832
1743.776153
1743.800613
1744.640685
1745.073738
1745.645577
1745.917059
1746.064516
1746.474215
1750.601520
1750.842812
1751.276396
1751.775060
1751.988474
1752.156294
1752.733627
1753.157101
2092.456884
2092.496818
2092.939867
2093.067079
2093.628666
2093.773036
2093.971211
2094.042279
2094.186409
2094.568915
2095.496070
2096.017148
2096.225561
2096.660757
2096.760306
2096.912096
2096.929208
2097.914499
2098.270490
2098.399514
2098.837958
2099.694340
2101.508151
2102.948708
2823.581874
2823.587970
2823.906041
2823.908261
2824.655682
2824.682637
2825.779873
2826.097580
2827.988821
2828.405296
2828.669387
2828.851400
2829.520623
2829.525983
2829.867939
2830.575405
2839.452372
2839.785378
2840.541810
2840.566668
2840.727540
2840.816465
2841.939214
2842.227308
2892.609199
2892.997322
2893.175696
2893.496805
2893.871972
2893.957160
2894.122058
2894.682322
2895.942418
2895.973026
2896.170914
2896.333694
2896.557820
2898.203104
2898.276547
2899.788669
2905.029849
2905.123509
2905.615393
2906.132199
2907.908499
2908.138413
2909.818747
2909.943677
